estimating workout witch takes just one milisecond
end estimation
1	 17	 0
1	 18	 0
1	 19	 0
1	 20	 0
1	 22	 0
1	 23	 0
1	 24	 0
1	 25	 0
1	 26	 0
1	 35	 1
1	 36	 1
1	 37	 1
1	 38	 1
1	 40	 1
1	 41	 1
1	 42	 1
1	 43	 1
1	 45	 1
1	 46	 1
1	 47	 2
1	 72	 2
1	 75	 2
1	 77	 2
1	 78	 2
1	 79	 2
1	 80	 2
1	 82	 2
1	 95	 2
1	 96	 2
1	 97	 3
1	 99	 3
1	 100	 3
1	 101	 3
1	 102	 3
1	 103	 3
1	 104	 3
1	 105	 3
1	 107	 3
1	 116	 3
1	 117	 4
1	 118	 4
1	 132	 4
1	 133	 4
1	 134	 4
1	 135	 4
1	 136	 4
1	 138	 4
1	 139	 4
1	 140	 4
1	 141	 5
1	 152	 5
1	 153	 5
1	 154	 5
1	 155	 5
1	 156	 5
1	 158	 5
1	 159	 5
1	 160	 5
1	 161	 5
1	 162	 6
1	 175	 6
1	 176	 6
1	 178	 6
1	 179	 6
1	 180	 6
1	 181	 6
1	 183	 6
1	 184	 6
1	 185	 6
1	 186	 7
1	 187	 7
1	 188	 7
1	 189	 7
1	 191	 7
1	 192	 7
1	 193	 7
1	 194	 7
1	 207	 7
1	 208	 7
1	 210	 8
1	 211	 8
1	 212	 8
1	 213	 8
1	 214	 8
1	 216	 8
1	 217	 8
1	 227	 8
1	 228	 8
1	 229	 8
1	 231	 9
1	 232	 9
1	 233	 9
1	 234	 9
1	 235	 9
1	 236	 9
1	 238	 9
1	 239	 9
1	 252	 9
1	 253	 9
1	 254	 10
1	 256	 10
1	 257	 10
1	 258	 10
1	 259	 10
1	 260	 10
1	 261	 10
1	 262	 10
1	 272	 10
1	 273	 10
1	 274	 11
1	 275	 11
1	 276	 11
1	 278	 11
1	 279	 11
1	 296	 11
1	 297	 11
1	 298	 11
1	 299	 11
1	 301	 11
1	 302	 12
1	 303	 12
1	 304	 12
1	 305	 12
1	 306	 12
1	 313	 12
1	 314	 12
1	 315	 12
1	 317	 12
1	 318	 12
1	 331	 13
1	 332	 13
1	 333	 13
1	 335	 13
1	 336	 13
1	 337	 13
1	 338	 13
1	 339	 13
1	 341	 13
1	 342	 13
1	 343	 14
1	 350	 14
1	 359	 14
1	 360	 14
1	 361	 14
1	 363	 14
1	 364	 14
1	 365	 14
1	 366	 14
1	 375	 14
1	 376	 15
1	 377	 15
1	 379	 15
1	 380	 15
1	 381	 15
1	 382	 15
1	 400	 15
1	 401	 15
1	 402	 15
1	 403	 15
1	 404	 16
1	 416	 16
1	 417	 16
1	 418	 16
1	 419	 16
1	 420	 16
1	 421	 16
1	 423	 16
1	 424	 16
1	 425	 16
1	 426	 17
1	 439	 17
1	 440	 17
1	 442	 17
1	 443	 17
1	 444	 17
1	 445	 17
1	 447	 17
1	 448	 17
1	 449	 17
1	 450	 18
1	 461	 18
1	 463	 18
1	 464	 18
1	 465	 18
1	 466	 18
1	 467	 18
1	 468	 18
1	 470	 18
1	 471	 18
1	 484	 19
1	 485	 19
1	 486	 19
1	 488	 19
1	 489	 19
1	 490	 19
1	 491	 19
1	 492	 19
1	 493	 19
1	 495	 19
1	 516	 20
1	 517	 20
1	 518	 20
1	 519	 20
1	 521	 20
1	 522	 20
1	 523	 20
1	 524	 20
1	 525	 20
1	 526	 20
1	 527	 21
1	 529	 21
1	 530	 21
1	 531	 21
1	 532	 21
1	 533	 21
1	 534	 21
1	 535	 21
1	 537	 21
1	 538	 21
1	 539	 22
1	 540	 22
1	 541	 22
1	 543	 22
1	 544	 22
1	 545	 22
1	 546	 22
1	 547	 22
1	 549	 22
1	 550	 22
1	 551	 23
1	 560	 23
1	 561	 23
1	 562	 23
1	 564	 23
1	 565	 23
1	 566	 23
1	 567	 23
1	 592	 23
1	 593	 23
1	 595	 24
1	 596	 24
1	 597	 24
1	 598	 24
1	 615	 24
1	 616	 24
1	 618	 24
1	 619	 24
1	 620	 24
1	 621	 24
1	 622	 25
1	 623	 25
1	 625	 25
1	 626	 25
1	 627	 25
1	 640	 25
1	 641	 25
1	 643	 25
1	 644	 25
1	 645	 25
1	 646	 26
1	 648	 26
1	 649	 26
1	 650	 26
1	 663	 26
1	 665	 26
1	 666	 26
1	 667	 26
1	 668	 26
1	 669	 26
1	 671	 27
1	 687	 27
1	 688	 27
1	 689	 27
1	 690	 27
1	 691	 27
1	 692	 27
1	 694	 27
1	 695	 27
1	 696	 27
1	 697	 28
1	 698	 28
1	 711	 28
1	 713	 28
1	 714	 28
1	 715	 28
1	 716	 28
1	 718	 28
1	 719	 28
1	 732	 28
1	 733	 29
1	 734	 29
1	 735	 29
1	 736	 29
1	 738	 29
1	 739	 29
1	 752	 29
1	 753	 29
1	 754	 29
1	 755	 29
1	 757	 30
1	 758	 30
1	 759	 30
1	 772	 30
1	 773	 30
1	 774	 30
1	 776	 30
1	 777	 30
1	 778	 30
1	 779	 30
1	 781	 31
1	 782	 31
1	 783	 31
1	 796	 31
1	 797	 31
1	 798	 31
1	 800	 31
1	 801	 31
1	 802	 31
1	 803	 31
1	 804	 32
1	 806	 32
1	 807	 32
1	 808	 32
1	 809	 32
1	 810	 32
1	 828	 32
1	 829	 32
1	 830	 32
1	 831	 32
1	 832	 33
1	 833	 33
1	 834	 33
1	 848	 33
1	 849	 33
1	 850	 33
1	 851	 33
1	 852	 33
1	 853	 33
1	 855	 33
1	 856	 34
1	 857	 34
1	 858	 34
1	 859	 34
1	 860	 34
1	 862	 34
1	 863	 34
1	 864	 34
1	 865	 34
1	 866	 34
1	 868	 35
1	 869	 35
1	 870	 35
1	 871	 35
1	 872	 35
1	 873	 35
1	 875	 35
1	 876	 35
1	 877	 35
1	 878	 35
1	 885	 36
1	 886	 36
1	 887	 36
1	 889	 36
1	 890	 36
1	 891	 36
1	 892	 36
1	 893	 36
1	 894	 36
1	 908	 36
1	 909	 37
1	 910	 37
1	 918	 37
1	 919	 37
1	 920	 37
1	 922	 37
1	 923	 37
1	 924	 37
1	 925	 37
1	 926	 37
1	 927	 38
1	 928	 38
1	 930	 38
1	 931	 38
1	 932	 38
1	 933	 38
1	 934	 38
1	 935	 38
1	 936	 38
1	 938	 38
1	 939	 39
1	 940	 39
1	 941	 39
1	 943	 39
1	 948	 39
1	 949	 39
1	 950	 39
1	 951	 39
1	 952	 39
1	 954	 39
1	 955	 40
1	 968	 40
1	 969	 40
1	 970	 40
1	 972	 40
1	 973	 40
1	 974	 40
1	 975	 40
1	 976	 40
1	 978	 40
1	 979	 41
1	 992	 41
1	 993	 41
1	 994	 41
1	 996	 41
1	 997	 41
1	 998	 41
1	 999	 41
1	 1000	 41
1	 1001	 41
1	 1003	 42
1	 1004	 42
1	 1005	 42
1	 1006	 42
1	 1007	 42
1	 1009	 42
1	 1010	 42
1	 1011	 42
1	 1012	 42
1	 1013	 42
1	 1015	 43
1	 1016	 43
1	 1017	 43
1	 1018	 43
1	 1025	 43
1	 1026	 43
1	 1027	 43
1	 1028	 43
1	 1029	 43
1	 1031	 43
1	 1032	 44
1	 1033	 44
1	 1034	 44
1	 1035	 44
1	 1036	 44
1	 1037	 44
1	 1039	 44
1	 1040	 44
1	 1041	 44
1	 1042	 44
1	 1044	 45
1	 1045	 45
1	 1046	 45
1	 1047	 45
1	 1048	 45
1	 1049	 45
1	 1051	 45
1	 1064	 45
1	 1065	 45
1	 1066	 45
1	 1067	 46
1	 1068	 46
1	 1070	 46
1	 1071	 46
1	 1072	 46
1	 1073	 46
1	 1074	 46
1	 1082	 46
1	 1083	 46
1	 1084	 46
1	 1085	 47
1	 1086	 47
1	 1087	 47
1	 1089	 47
1	 1090	 47
1	 1091	 47
1	 1092	 47
1	 1093	 47
1	 1094	 47
1	 1096	 47
1	 1097	 48
1	 1098	 48
1	 1099	 48
1	 1100	 48
1	 1101	 48
1	 1103	 48
1	 1104	 48
1	 1105	 48
1	 1106	 48
1	 1107	 48
1	 1109	 49
1	 1110	 49
1	 1111	 49
1	 1112	 49
1	 1113	 49
1	 1115	 49
1	 1116	 49
1	 1117	 49
1	 1118	 49
1	 1131	 49
1	 1132	 50
1	 1133	 50
1	 1135	 50
1	 1136	 50
1	 1137	 50
1	 1138	 50
1	 1151	 50
1	 1152	 50
1	 1154	 50
1	 1155	 50
1	 1156	 51
1	 1157	 51
1	 1158	 51
1	 1159	 51
1	 1160	 51
1	 1162	 51
1	 1163	 51
1	 1176	 51
1	 1177	 51
1	 1178	 51
1	 1180	 52
1	 1181	 52
1	 1182	 52
1	 1183	 52
1	 1185	 52
1	 1186	 52
1	 1187	 52
1	 1195	 52
1	 1196	 52
1	 1198	 52
1	 1199	 53
1	 1200	 53
1	 1201	 53
1	 1202	 53
1	 1204	 53
1	 1205	 53
1	 1206	 53
1	 1219	 53
1	 1220	 53
1	 1222	 53
1	 1223	 54
1	 1224	 54
1	 1225	 54
1	 1226	 54
1	 1227	 54
1	 1228	 54
1	 1230	 54
1	 1231	 54
1	 1240	 54
1	 1241	 54
1	 1242	 55
1	 1244	 55
1	 1245	 55
1	 1246	 55
1	 1263	 55
1	 1264	 55
1	 1265	 55
1	 1267	 55
1	 1268	 55
1	 1269	 55
1	 1270	 56
1	 1271	 56
1	 1272	 56
1	 1274	 56
1	 1275	 56
1	 1288	 56
1	 1289	 56
1	 1290	 56
1	 1292	 56
1	 1293	 56
1	 1294	 57
1	 1295	 57
1	 1296	 57
1	 1297	 57
1	 1298	 57
1	 1310	 57
1	 1312	 57
1	 1313	 57
1	 1314	 57
1	 1315	 57
1	 1317	 58
1	 1318	 58
1	 1331	 58
1	 1332	 58
1	 1334	 58
1	 1335	 58
1	 1336	 58
1	 1337	 58
1	 1339	 58
1	 1340	 58
1	 1341	 59
1	 1342	 59
1	 1343	 59
1	 1344	 59
1	 1346	 59
1	 1347	 59
1	 1365	 59
1	 1366	 59
1	 1367	 59
1	 1369	 59
1	 1370	 60
1	 1371	 60
1	 1386	 60
1	 1387	 60
1	 1388	 60
1	 1389	 60
1	 1391	 60
1	 1408	 60
1	 1409	 60
1	 1410	 60
1	 1412	 61
1	 1413	 61
1	 1414	 61
1	 1427	 61
1	 1429	 61
1	 1430	 61
1	 1431	 61
1	 1432	 61
1	 1434	 61
1	 1448	 61
1	 1449	 62
1	 1450	 62
1	 1459	 62
1	 1461	 62
1	 1462	 62
1	 1463	 62
1	 1464	 62
1	 1465	 62
1	 1466	 62
1	 1467	 62
1	 1468	 63
1	 1470	 63
1	 1471	 63
1	 1472	 63
1	 1473	 63
1	 1474	 63
1	 1476	 63
1	 1485	 63
1	 1486	 63
1	 1487	 63
1	 1488	 64
1	 1489	 64
1	 1490	 64
1	 1492	 64
1	 1493	 64
1	 1494	 64
1	 1495	 64
1	 1496	 64
1	 1497	 64
1	 1498	 64
1	 1500	 65
1	 1501	 65
1	 1502	 65
1	 1503	 65
1	 1504	 65
1	 1505	 65
1	 1507	 65
1	 1508	 65
1	 1509	 65
1	 1510	 65
1	 1511	 66
1	 1513	 66
1	 1514	 66
1	 1515	 66
1	 1516	 66
1	 1517	 66
1	 1528	 66
1	 1529	 66
1	 1530	 66
1	 1531	 66
1	 1533	 67
1	 1534	 67
1	 1535	 67
1	 1536	 67
1	 1537	 67
1	 1539	 67
1	 1540	 67
1	 1541	 67
1	 1542	 67
1	 1575	 67
1	 1577	 68
1	 1578	 68
1	 1579	 68
1	 1580	 68
1	 1581	 68
1	 1583	 68
1	 1584	 68
1	 1585	 68
1	 1586	 68
1	 1587	 68
1	 1588	 69
1	 1599	 69
1	 1600	 69
1	 1602	 69
1	 1603	 69
1	 1604	 69
1	 1605	 69
1	 1606	 69
1	 1616	 69
1	 1617	 69
1	 1618	 70
1	 1619	 70
1	 1620	 70
1	 1621	 70
1	 1623	 70
1	 1624	 70
1	 1625	 70
1	 1626	 70
1	 1643	 70
1	 1644	 70
1	 1646	 71
1	 1647	 71
1	 1648	 71
1	 1649	 71
1	 1651	 71
1	 1652	 71
1	 1653	 71
1	 1654	 71
1	 1655	 71
1	 1656	 71
1	 1657	 72
1	 1659	 72
1	 1660	 72
1	 1661	 72
1	 1662	 72
1	 1663	 72
1	 1664	 72
1	 1665	 72
1	 1666	 72
1	 1668	 72
1	 1669	 73
1	 1670	 73
1	 1671	 73
1	 1672	 73
1	 1673	 73
1	 1675	 73
1	 1676	 73
1	 1677	 73
1	 1678	 73
1	 1680	 73
1	 1681	 74
1	 1682	 74
1	 1683	 74
1	 1703	 74
1	 1704	 74
1	 1706	 74
1	 1707	 74
1	 1708	 74
1	 1709	 74
1	 1710	 74
1	 1724	 75
1	 1725	 75
1	 1726	 75
1	 1727	 75
1	 1728	 75
1	 1729	 75
1	 1731	 75
1	 1732	 75
1	 1733	 75
1	 1734	 75
1	 1735	 76
1	 1748	 76
1	 1750	 76
1	 1751	 76
1	 1752	 76
1	 1753	 76
1	 1754	 76
1	 1755	 76
1	 1757	 76
1	 1758	 76
1	 1759	 77
1	 1760	 77
1	 1761	 77
1	 1762	 77
1	 1764	 77
1	 1765	 77
1	 1766	 77
1	 1767	 77
1	 1780	 77
1	 1782	 77
1	 1783	 78
1	 1784	 78
1	 1785	 78
1	 1786	 78
1	 1787	 78
1	 1789	 78
1	 1790	 78
1	 1791	 78
1	 1792	 78
1	 1793	 78
1	 1794	 79
1	 1807	 79
1	 1809	 79
1	 1810	 79
1	 1811	 79
1	 1812	 79
1	 1814	 79
1	 1824	 79
1	 1825	 79
1	 1826	 79
1	 1827	 80
1	 1829	 80
1	 1830	 80
1	 1831	 80
1	 1840	 80
1	 1841	 80
1	 1842	 80
1	 1844	 80
1	 1845	 80
1	 1846	 80
1	 1847	 81
1	 1849	 81
1	 1863	 81
1	 1864	 81
1	 1866	 81
1	 1867	 81
1	 1868	 81
1	 1869	 81
1	 1870	 81
1	 1871	 81
1	 1873	 82
1	 1874	 82
1	 1875	 82
1	 1888	 82
1	 1889	 82
1	 1890	 82
1	 1892	 82
1	 1893	 82
1	 1894	 82
1	 1895	 82
1	 1896	 83
1	 1897	 83
1	 1898	 83
1	 1900	 83
1	 1901	 83
1	 1902	 83
1	 1903	 83
1	 1904	 83
1	 1905	 83
1	 1907	 83
1	 1908	 84
1	 1909	 84
1	 1910	 84
1	 1912	 84
1	 1913	 84
1	 1914	 84
1	 1915	 84
1	 1916	 84
1	 1917	 84
1	 1918	 84
1	 1920	 85
1	 1921	 85
1	 1922	 85
1	 1923	 85
1	 1924	 85
1	 1925	 85
1	 1926	 85
1	 1936	 85
1	 1937	 85
1	 1938	 85
1	 1939	 86
1	 1940	 86
1	 1942	 86
1	 1943	 86
1	 1944	 86
1	 1945	 86
1	 1946	 86
1	 1963	 86
1	 1965	 86
1	 1966	 86
1	 1967	 87
1	 1968	 87
1	 1969	 87
1	 1970	 87
1	 1971	 87
1	 1973	 87
1	 1974	 87
1	 1975	 87
1	 1988	 87
1	 1989	 87
1	 1991	 88
1	 1992	 88
1	 1993	 88
1	 1994	 88
1	 1995	 88
1	 1996	 88
1	 1997	 88
1	 1999	 88
1	 2016	 88
1	 2017	 88
1	 2018	 89
1	 2019	 89
1	 2020	 89
1	 2022	 89
1	 2023	 89
1	 2024	 89
1	 2025	 89
1	 2026	 89
1	 2027	 89
1	 2029	 89
1	 2030	 90
1	 2031	 90
1	 2044	 90
1	 2045	 90
1	 2047	 90
1	 2048	 90
1	 2049	 90
1	 2050	 90
1	 2063	 90
1	 2064	 90
1	 2065	 91
1	 2067	 91
1	 2068	 91
1	 2069	 91
1	 2070	 91
1	 2071	 91
1	 2072	 91
1	 2074	 91
1	 2075	 91
1	 2088	 91
1	 2089	 92
1	 2090	 92
1	 2091	 92
1	 2093	 92
1	 2094	 92
1	 2095	 92
1	 2096	 92
1	 2097	 92
1	 2098	 92
1	 2116	 92
1	 2117	 93
1	 2118	 93
1	 2119	 93
1	 2120	 93
1	 2121	 93
1	 2122	 93
1	 2133	 93
1	 2134	 93
1	 2135	 93
1	 2136	 93
1	 2137	 94
1	 2138	 94
1	 2140	 94
1	 2141	 94
1	 2142	 94
1	 2155	 94
1	 2156	 94
1	 2158	 94
1	 2159	 94
1	 2160	 94
1	 2161	 95
1	 2162	 95
1	 2163	 95
1	 2165	 95
1	 2166	 95
1	 2167	 95
1	 2176	 95
1	 2177	 95
1	 2179	 95
1	 2180	 95
1	 2181	 96
1	 2182	 96
1	 2204	 96
1	 2205	 96
1	 2206	 96
1	 2207	 96
1	 2208	 96
1	 2210	 96
1	 2211	 96
1	 2212	 96
1	 2214	 97
1	 2215	 97
1	 2228	 97
1	 2229	 97
1	 2230	 97
1	 2231	 97
1	 2233	 97
1	 2234	 97
1	 2235	 97
1	 2236	 97
1	 2237	 98
1	 2238	 98
1	 2256	 98
1	 2257	 98
1	 2258	 98
1	 2259	 98
1	 2260	 98
1	 2261	 98
1	 2263	 98
1	 2264	 98
1	 2265	 99
1	 2266	 99
1	 2279	 99
1	 2281	 99
1	 2282	 99
1	 2283	 99
1	 2284	 99
1	 2285	 99
1	 2287	 99
1	 2288	 99
1	 2289	 100
0	 1	 0
0	 2	 0
0	 3	 0
0	 4	 0
0	 6	 0
0	 7	 0
0	 8	 0
0	 9	 0
0	 10	 0
0	 12	 1
0	 13	 1
0	 14	 1
0	 15	 1
0	 28	 1
0	 29	 1
0	 30	 1
0	 32	 1
0	 33	 1
0	 34	 1
0	 47	 2
0	 48	 2
0	 50	 2
0	 51	 2
0	 52	 2
0	 53	 2
0	 64	 2
0	 65	 2
0	 66	 2
0	 68	 2
0	 69	 3
0	 70	 3
0	 85	 3
0	 96	 3
0	 97	 3
0	 98	 3
0	 99	 3
0	 100	 3
0	 102	 3
0	 103	 3
0	 104	 4
0	 105	 4
0	 106	 4
0	 119	 4
0	 120	 4
0	 121	 4
0	 122	 4
0	 124	 4
0	 125	 4
0	 126	 4
0	 127	 5
0	 128	 5
0	 129	 5
0	 130	 5
0	 142	 5
0	 144	 5
0	 145	 5
0	 146	 5
0	 147	 5
0	 148	 5
0	 150	 6
0	 151	 6
0	 164	 6
0	 165	 6
0	 166	 6
0	 167	 6
0	 168	 6
0	 170	 6
0	 171	 6
0	 172	 6
0	 173	 7
0	 174	 7
0	 196	 7
0	 197	 7
0	 198	 7
0	 199	 7
0	 200	 7
0	 201	 7
0	 203	 7
0	 204	 7
0	 205	 8
0	 206	 8
0	 219	 8
0	 220	 8
0	 222	 8
0	 223	 8
0	 224	 8
0	 225	 8
0	 226	 8
0	 227	 8
0	 229	 9
0	 230	 9
0	 231	 9
0	 244	 9
0	 245	 9
0	 247	 9
0	 248	 9
0	 249	 9
0	 250	 9
0	 251	 9
0	 253	 10
0	 254	 10
0	 264	 10
0	 265	 10
0	 266	 10
0	 268	 10
0	 269	 10
0	 270	 10
0	 271	 10
0	 272	 10
0	 273	 11
0	 275	 11
0	 276	 11
0	 277	 11
0	 278	 11
0	 280	 11
0	 281	 11
0	 282	 11
0	 283	 11
0	 285	 11
0	 286	 12
0	 287	 12
0	 300	 12
0	 301	 12
0	 302	 12
0	 303	 12
0	 305	 12
0	 306	 12
0	 307	 12
0	 308	 12
0	 310	 13
0	 324	 13
0	 325	 13
0	 326	 13
0	 327	 13
0	 328	 13
0	 329	 13
0	 331	 13
0	 332	 13
0	 333	 13
0	 334	 14
0	 335	 14
0	 348	 14
0	 350	 14
0	 351	 14
0	 352	 14
0	 353	 14
0	 354	 14
0	 355	 14
0	 356	 14
0	 358	 15
0	 359	 15
0	 360	 15
0	 361	 15
0	 362	 15
0	 363	 15
0	 364	 15
0	 366	 15
0	 367	 15
0	 368	 15
0	 369	 16
0	 370	 16
0	 371	 16
0	 373	 16
0	 374	 16
0	 375	 16
0	 376	 16
0	 377	 16
0	 379	 16
0	 380	 16
0	 381	 17
0	 382	 17
0	 383	 17
0	 385	 17
0	 386	 17
0	 387	 17
0	 388	 17
0	 389	 17
0	 390	 17
0	 391	 17
0	 393	 18
0	 394	 18
0	 395	 18
0	 396	 18
0	 397	 18
0	 398	 18
0	 405	 18
0	 406	 18
0	 408	 18
0	 409	 18
0	 410	 19
0	 411	 19
0	 413	 19
0	 414	 19
0	 415	 19
0	 428	 19
0	 429	 19
0	 430	 19
0	 432	 19
0	 433	 19
0	 434	 20
0	 435	 20
0	 436	 20
0	 437	 20
0	 439	 20
0	 452	 20
0	 453	 20
0	 454	 20
0	 455	 20
0	 456	 20
0	 458	 21
0	 459	 21
0	 460	 21
0	 467	 21
0	 469	 21
0	 470	 21
0	 483	 21
0	 484	 21
0	 486	 21
0	 487	 21
0	 488	 22
0	 489	 22
0	 490	 22
0	 492	 22
0	 493	 22
0	 494	 22
0	 495	 22
0	 496	 22
0	 497	 22
0	 498	 22
0	 499	 23
0	 501	 23
0	 502	 23
0	 503	 23
0	 504	 23
0	 505	 23
0	 507	 23
0	 508	 23
0	 509	 23
0	 510	 23
0	 511	 24
0	 513	 24
0	 514	 24
0	 515	 24
0	 536	 24
0	 537	 24
0	 539	 24
0	 540	 24
0	 541	 24
0	 542	 24
0	 551	 25
0	 553	 25
0	 554	 25
0	 555	 25
0	 556	 25
0	 557	 25
0	 558	 25
0	 560	 25
0	 561	 25
0	 562	 25
0	 563	 26
0	 564	 26
0	 566	 26
0	 567	 26
0	 568	 26
0	 569	 26
0	 571	 26
0	 572	 26
0	 573	 26
0	 574	 26
0	 576	 27
0	 577	 27
0	 578	 27
0	 579	 27
0	 581	 27
0	 582	 27
0	 583	 27
0	 584	 27
0	 585	 27
0	 587	 27
0	 588	 28
0	 589	 28
0	 590	 28
0	 592	 28
0	 593	 28
0	 594	 28
0	 595	 28
0	 597	 28
0	 598	 28
0	 599	 28
0	 600	 29
0	 602	 29
0	 603	 29
0	 604	 29
0	 605	 29
0	 607	 29
0	 608	 29
0	 609	 29
0	 610	 29
0	 611	 29
0	 613	 30
0	 614	 30
0	 615	 30
0	 616	 30
0	 618	 30
0	 619	 30
0	 620	 30
0	 621	 30
0	 622	 30
0	 623	 30
0	 625	 31
0	 626	 31
0	 627	 31
0	 640	 31
0	 641	 31
0	 642	 31
0	 644	 31
0	 645	 31
0	 646	 31
0	 647	 31
0	 648	 32
0	 650	 32
0	 651	 32
0	 664	 32
0	 665	 32
0	 666	 32
0	 668	 32
0	 669	 32
0	 670	 32
0	 671	 32
0	 672	 33
0	 673	 33
0	 675	 33
0	 676	 33
0	 677	 33
0	 678	 33
0	 680	 33
0	 681	 33
0	 682	 33
0	 683	 33
0	 684	 34
0	 685	 34
0	 687	 34
0	 688	 34
0	 689	 34
0	 690	 34
0	 691	 34
0	 693	 34
0	 694	 34
0	 695	 34
0	 708	 35
0	 709	 35
0	 711	 35
0	 712	 35
0	 713	 35
0	 714	 35
0	 715	 35
0	 717	 35
0	 728	 35
0	 729	 35
0	 730	 36
0	 731	 36
0	 732	 36
0	 733	 36
0	 734	 36
0	 736	 36
0	 737	 36
0	 738	 36
0	 739	 36
0	 740	 36
0	 742	 37
0	 743	 37
0	 744	 37
0	 745	 37
0	 747	 37
0	 748	 37
0	 749	 37
0	 750	 37
0	 751	 37
0	 753	 37
0	 754	 38
0	 755	 38
0	 756	 38
0	 757	 38
0	 758	 38
0	 759	 38
0	 761	 38
0	 762	 38
0	 763	 38
0	 764	 38
0	 765	 39
0	 766	 39
0	 779	 39
0	 781	 39
0	 782	 39
0	 783	 39
0	 784	 39
0	 785	 39
0	 786	 39
0	 788	 39
0	 789	 40
0	 790	 40
0	 791	 40
0	 792	 40
0	 793	 40
0	 794	 40
0	 812	 40
0	 813	 40
0	 814	 40
0	 815	 40
0	 816	 41
0	 818	 41
0	 819	 41
0	 820	 41
0	 821	 41
0	 822	 41
0	 823	 41
0	 824	 41
0	 826	 41
0	 827	 41
0	 836	 42
0	 837	 42
0	 838	 42
0	 840	 42
0	 841	 42
0	 842	 42
0	 843	 42
0	 844	 42
0	 845	 42
0	 847	 42
0	 856	 43
0	 857	 43
0	 859	 43
0	 860	 43
0	 861	 43
0	 862	 43
0	 879	 43
0	 881	 43
0	 882	 43
0	 883	 43
0	 884	 44
0	 895	 44
0	 897	 44
0	 898	 44
0	 899	 44
0	 900	 44
0	 901	 44
0	 902	 44
0	 903	 44
0	 905	 44
0	 906	 45
0	 907	 45
0	 912	 45
0	 914	 45
0	 915	 45
0	 916	 45
0	 917	 45
0	 932	 45
0	 933	 45
0	 934	 45
0	 935	 46
0	 936	 46
0	 937	 46
0	 939	 46
0	 960	 46
0	 961	 46
0	 962	 46
0	 963	 46
0	 964	 46
0	 965	 46
0	 967	 47
0	 968	 47
0	 980	 47
0	 981	 47
0	 982	 47
0	 984	 47
0	 985	 47
0	 986	 47
0	 987	 47
0	 988	 47
0	 989	 48
0	 991	 48
0	 992	 48
0	 993	 48
0	 994	 48
0	 1019	 48
0	 1020	 48
0	 1022	 48
0	 1023	 48
0	 1024	 48
0	 1044	 49
0	 1045	 49
0	 1046	 49
0	 1047	 49
0	 1049	 49
0	 1050	 49
0	 1051	 49
0	 1052	 49
0	 1053	 49
0	 1064	 49
0	 1065	 50
0	 1066	 50
0	 1068	 50
0	 1069	 50
0	 1070	 50
0	 1071	 50
0	 1072	 50
0	 1073	 50
0	 1075	 50
0	 1082	 50
0	 1083	 51
0	 1084	 51
0	 1085	 51
0	 1087	 51
0	 1104	 51
0	 1105	 51
0	 1106	 51
0	 1108	 51
0	 1109	 51
0	 1110	 51
0	 1117	 52
0	 1119	 52
0	 1120	 52
0	 1121	 52
0	 1122	 52
0	 1123	 52
0	 1124	 52
0	 1125	 52
0	 1127	 52
0	 1140	 52
0	 1141	 53
0	 1142	 53
0	 1144	 53
0	 1145	 53
0	 1146	 53
0	 1147	 53
0	 1149	 53
0	 1150	 53
0	 1163	 53
0	 1164	 53
0	 1166	 54
0	 1167	 54
0	 1168	 54
0	 1169	 54
0	 1170	 54
0	 1172	 54
0	 1173	 54
0	 1174	 54
0	 1187	 54
0	 1188	 54
0	 1190	 55
0	 1191	 55
0	 1192	 55
0	 1193	 55
0	 1202	 55
0	 1203	 55
0	 1204	 55
0	 1206	 55
0	 1207	 55
0	 1208	 55
0	 1209	 56
0	 1210	 56
0	 1219	 56
0	 1220	 56
0	 1221	 56
0	 1222	 56
0	 1223	 56
0	 1224	 56
0	 1226	 56
0	 1227	 56
0	 1248	 57
0	 1249	 57
0	 1250	 57
0	 1252	 57
0	 1253	 57
0	 1254	 57
0	 1255	 57
0	 1256	 57
0	 1258	 57
0	 1259	 57
0	 1260	 58
0	 1261	 58
0	 1262	 58
0	 1276	 58
0	 1277	 58
0	 1278	 58
0	 1279	 58
0	 1280	 58
0	 1282	 58
0	 1283	 58
0	 1284	 59
0	 1285	 59
0	 1287	 59
0	 1300	 59
0	 1301	 59
0	 1302	 59
0	 1303	 59
0	 1304	 59
0	 1306	 59
0	 1307	 59
0	 1308	 60
0	 1309	 60
0	 1320	 60
0	 1321	 60
0	 1322	 60
0	 1324	 60
0	 1325	 60
0	 1326	 60
0	 1327	 60
0	 1328	 60
0	 1330	 61
0	 1331	 61
0	 1348	 61
0	 1349	 61
0	 1350	 61
0	 1352	 61
0	 1353	 61
0	 1354	 61
0	 1355	 61
0	 1356	 61
0	 1357	 62
0	 1358	 62
0	 1372	 62
0	 1373	 62
0	 1374	 62
0	 1375	 62
0	 1376	 62
0	 1378	 62
0	 1379	 62
0	 1400	 62
0	 1401	 63
0	 1403	 63
0	 1404	 63
0	 1405	 63
0	 1406	 63
0	 1421	 63
0	 1422	 63
0	 1423	 63
0	 1424	 63
0	 1425	 63
0	 1427	 64
0	 1435	 64
0	 1436	 64
0	 1437	 64
0	 1438	 64
0	 1440	 64
0	 1441	 64
0	 1442	 64
0	 1443	 64
0	 1444	 64
0	 1446	 65
0	 1467	 65
0	 1468	 65
0	 1469	 65
0	 1471	 65
0	 1472	 65
0	 1473	 65
0	 1474	 65
0	 1475	 65
0	 1487	 65
0	 1488	 66
0	 1490	 66
0	 1491	 66
0	 1492	 66
0	 1493	 66
0	 1494	 66
0	 1511	 66
0	 1513	 66
0	 1514	 66
0	 1515	 66
0	 1516	 67
0	 1517	 67
0	 1519	 67
0	 1520	 67
0	 1521	 67
0	 1522	 67
0	 1523	 67
0	 1534	 67
0	 1536	 67
0	 1537	 67
0	 1538	 68
0	 1539	 68
0	 1540	 68
0	 1541	 68
0	 1543	 68
0	 1556	 68
0	 1557	 68
0	 1558	 68
0	 1559	 68
0	 1560	 68
0	 1562	 69
0	 1563	 69
0	 1576	 69
0	 1577	 69
0	 1578	 69
0	 1580	 69
0	 1581	 69
0	 1582	 69
0	 1583	 69
0	 1600	 69
0	 1601	 70
0	 1602	 70
0	 1603	 70
0	 1604	 70
0	 1605	 70
0	 1607	 70
0	 1608	 70
0	 1609	 70
0	 1610	 70
0	 1611	 70
0	 1613	 71
0	 1614	 71
0	 1615	 71
0	 1616	 71
0	 1617	 71
0	 1619	 71
0	 1620	 71
0	 1636	 71
0	 1637	 71
0	 1638	 71
0	 1639	 72
0	 1640	 72
0	 1642	 72
0	 1643	 72
0	 1644	 72
0	 1645	 72
0	 1656	 72
0	 1657	 72
0	 1658	 72
0	 1659	 72
0	 1660	 73
0	 1661	 73
0	 1663	 73
0	 1684	 73
0	 1685	 73
0	 1686	 73
0	 1687	 73
0	 1688	 73
0	 1690	 73
0	 1691	 73
0	 1692	 74
0	 1693	 74
0	 1694	 74
0	 1695	 74
0	 1697	 74
0	 1698	 74
0	 1699	 74
0	 1700	 74
0	 1701	 74
0	 1702	 74
0	 1703	 75
0	 1705	 75
0	 1706	 75
0	 1707	 75
0	 1708	 75
0	 1710	 75
0	 1711	 75
0	 1712	 75
0	 1713	 75
0	 1715	 75
0	 1718	 76
0	 1719	 76
0	 1720	 76
0	 1721	 76
0	 1723	 76
0	 1724	 76
0	 1725	 76
0	 1726	 76
0	 1739	 76
0	 1740	 76
0	 1742	 77
0	 1743	 77
0	 1744	 77
0	 1745	 77
0	 1746	 77
0	 1758	 77
0	 1760	 77
0	 1761	 77
0	 1762	 77
0	 1763	 77
0	 1764	 78
0	 1765	 78
0	 1767	 78
0	 1768	 78
0	 1769	 78
0	 1770	 78
0	 1783	 78
0	 1784	 78
0	 1785	 78
0	 1787	 78
0	 1788	 79
0	 1789	 79
0	 1790	 79
0	 1791	 79
0	 1792	 79
0	 1794	 79
0	 1795	 79
0	 1808	 79
0	 1809	 79
0	 1810	 79
0	 1811	 80
0	 1813	 80
0	 1814	 80
0	 1828	 80
0	 1829	 80
0	 1830	 80
0	 1832	 80
0	 1833	 80
0	 1834	 80
0	 1835	 80
0	 1836	 81
0	 1837	 81
0	 1839	 81
0	 1840	 81
0	 1841	 81
0	 1842	 81
0	 1850	 81
0	 1851	 81
0	 1852	 81
0	 1854	 81
0	 1855	 82
0	 1856	 82
0	 1857	 82
0	 1858	 82
0	 1871	 82
0	 1873	 82
0	 1874	 82
0	 1875	 82
0	 1876	 82
0	 1877	 82
0	 1879	 83
0	 1880	 83
0	 1881	 83
0	 1882	 83
0	 1895	 83
0	 1896	 83
0	 1898	 83
0	 1899	 83
0	 1900	 83
0	 1901	 83
0	 1902	 84
0	 1917	 84
0	 1918	 84
0	 1920	 84
0	 1921	 84
0	 1922	 84
0	 1923	 84
0	 1924	 84
0	 1925	 84
0	 1927	 84
0	 1940	 85
0	 1941	 85
0	 1942	 85
0	 1943	 85
0	 1944	 85
0	 1946	 85
0	 1947	 85
0	 1948	 85
0	 1949	 85
0	 1951	 85
0	 1976	 86
0	 1977	 86
0	 1978	 86
0	 1979	 86
0	 1981	 86
0	 1982	 86
0	 1983	 86
0	 1984	 86
0	 1985	 86
0	 1987	 86
0	 2000	 87
0	 2001	 87
0	 2002	 87
0	 2003	 87
0	 2004	 87
0	 2005	 87
0	 2007	 87
0	 2008	 87
0	 2009	 87
0	 2010	 87
0	 2031	 88
0	 2033	 88
0	 2034	 88
0	 2035	 88
0	 2036	 88
0	 2037	 88
0	 2038	 88
0	 2040	 88
0	 2041	 88
0	 2042	 88
0	 2043	 89
0	 2045	 89
0	 2046	 89
0	 2047	 89
0	 2048	 89
0	 2050	 89
0	 2051	 89
0	 2052	 89
0	 2053	 89
0	 2054	 89
0	 2055	 90
0	 2056	 90
0	 2057	 90
0	 2059	 90
0	 2072	 90
0	 2073	 90
0	 2074	 90
0	 2075	 90
0	 2077	 90
0	 2078	 90
0	 2079	 91
0	 2080	 91
0	 2082	 91
0	 2083	 91
0	 2084	 91
0	 2085	 91
0	 2086	 91
0	 2100	 91
0	 2107	 91
0	 2108	 91
0	 2110	 92
0	 2111	 92
0	 2112	 92
0	 2113	 92
0	 2115	 92
0	 2132	 92
0	 2133	 92
0	 2135	 92
0	 2136	 92
0	 2137	 92
0	 2138	 93
0	 2139	 93
0	 2141	 93
0	 2142	 93
0	 2143	 93
0	 2164	 93
0	 2165	 93
0	 2167	 93
0	 2168	 93
0	 2169	 93
0	 2170	 94
0	 2171	 94
0	 2173	 94
0	 2174	 94
0	 2175	 94
0	 2176	 94
0	 2178	 94
0	 2179	 94
0	 2184	 94
0	 2185	 94
0	 2186	 95
0	 2187	 95
0	 2195	 95
0	 2196	 95
0	 2198	 95
0	 2199	 95
0	 2200	 95
0	 2201	 95
0	 2202	 95
0	 2204	 95
0	 2205	 96
0	 2206	 96
0	 2219	 96
0	 2220	 96
0	 2222	 96
0	 2223	 96
0	 2224	 96
0	 2225	 96
0	 2226	 96
0	 2227	 96
0	 2228	 97
0	 2230	 97
0	 2231	 97
0	 2244	 97
0	 2253	 97
0	 2254	 97
0	 2255	 97
0	 2256	 97
0	 2257	 97
0	 2258	 97
0	 2260	 98
0	 2261	 98
0	 2262	 98
0	 2275	 98
0	 2277	 98
0	 2278	 98
0	 2279	 98
0	 2280	 98
0	 2282	 98
0	 2283	 98
0	 2284	 99
0	 2285	 99
0	 2301	 99
0	 2302	 99
0	 2303	 99
0	 2305	 99
0	 2306	 99
0	 2307	 99
0	 2308	 99
0	 2309	 99
0	 2311	 100
3	 1	 0
3	 2	 0
3	 3	 0
3	 4	 0
3	 6	 0
3	 7	 0
3	 8	 0
3	 9	 0
3	 10	 0
3	 28	 1
3	 29	 1
3	 30	 1
3	 31	 1
3	 32	 1
3	 34	 1
3	 35	 1
3	 36	 1
3	 37	 1
3	 38	 1
3	 54	 2
3	 55	 2
3	 56	 2
3	 57	 2
3	 58	 2
3	 59	 2
3	 60	 2
3	 62	 2
3	 63	 2
3	 74	 2
3	 77	 3
3	 84	 3
3	 86	 3
3	 87	 3
3	 88	 3
3	 89	 3
3	 90	 3
3	 91	 3
3	 93	 3
3	 94	 3
3	 95	 4
3	 108	 4
3	 109	 4
3	 111	 4
3	 112	 4
3	 113	 4
3	 114	 4
3	 127	 4
3	 128	 4
3	 130	 4
3	 131	 5
3	 132	 5
3	 133	 5
3	 134	 5
3	 135	 5
3	 137	 5
3	 138	 5
3	 139	 5
3	 152	 5
3	 153	 5
3	 154	 6
3	 156	 6
3	 157	 6
3	 158	 6
3	 159	 6
3	 160	 6
3	 161	 6
3	 162	 6
3	 176	 6
3	 177	 6
3	 178	 7
3	 179	 7
3	 181	 7
3	 182	 7
3	 183	 7
3	 196	 7
3	 197	 7
3	 199	 7
3	 200	 7
3	 201	 7
3	 202	 8
3	 203	 8
3	 204	 8
3	 206	 8
3	 207	 8
3	 219	 8
3	 220	 8
3	 221	 8
3	 222	 8
3	 223	 8
3	 224	 9
3	 226	 9
3	 227	 9
3	 240	 9
3	 241	 9
3	 242	 9
3	 243	 9
3	 245	 9
3	 246	 9
3	 247	 9
3	 248	 10
3	 249	 10
3	 251	 10
3	 264	 10
3	 265	 10
3	 266	 10
3	 267	 10
3	 268	 10
3	 269	 10
3	 271	 10
3	 288	 11
3	 289	 11
3	 290	 11
3	 291	 11
3	 292	 11
3	 294	 11
3	 295	 11
3	 296	 11
3	 297	 11
3	 298	 11
3	 310	 12
3	 312	 12
3	 313	 12
3	 314	 12
3	 316	 12
3	 317	 12
3	 318	 12
3	 319	 12
3	 320	 12
3	 321	 12
3	 323	 13
3	 336	 13
3	 337	 13
3	 338	 13
3	 339	 13
3	 341	 13
3	 342	 13
3	 343	 13
3	 344	 13
3	 345	 13
3	 347	 14
3	 368	 14
3	 369	 14
3	 370	 14
3	 371	 14
3	 373	 14
3	 374	 14
3	 375	 14
3	 396	 14
3	 397	 14
3	 398	 15
3	 399	 15
3	 401	 15
3	 402	 15
3	 403	 15
3	 404	 15
3	 416	 15
3	 418	 15
3	 419	 15
3	 420	 15
3	 421	 16
3	 422	 16
3	 423	 16
3	 425	 16
3	 426	 16
3	 427	 16
3	 432	 16
3	 433	 16
3	 434	 16
3	 436	 16
3	 437	 17
3	 444	 17
3	 456	 17
3	 457	 17
3	 458	 17
3	 459	 17
3	 461	 17
3	 462	 17
3	 463	 17
3	 464	 17
3	 465	 18
3	 466	 18
3	 471	 18
3	 472	 18
3	 474	 18
3	 475	 18
3	 476	 18
3	 477	 18
3	 478	 18
3	 480	 18
3	 481	 19
3	 482	 19
3	 503	 19
3	 504	 19
3	 506	 19
3	 507	 19
3	 508	 19
3	 509	 19
3	 511	 19
3	 518	 19
3	 519	 20
3	 520	 20
3	 521	 20
3	 522	 20
3	 523	 20
3	 525	 20
3	 526	 20
3	 527	 20
3	 544	 20
3	 545	 20
3	 547	 21
3	 548	 21
3	 549	 21
3	 550	 21
3	 568	 21
3	 569	 21
3	 570	 21
3	 571	 21
3	 572	 21
3	 584	 21
3	 585	 22
3	 586	 22
3	 587	 22
3	 588	 22
3	 589	 22
3	 591	 22
3	 600	 22
3	 601	 22
3	 602	 22
3	 603	 22
3	 605	 23
3	 606	 23
3	 607	 23
3	 628	 23
3	 629	 23
3	 631	 23
3	 632	 23
3	 633	 23
3	 634	 23
3	 636	 23
3	 637	 24
3	 638	 24
3	 651	 24
3	 652	 24
3	 654	 24
3	 655	 24
3	 656	 24
3	 657	 24
3	 658	 24
3	 660	 24
3	 661	 25
3	 662	 25
3	 671	 25
3	 672	 25
3	 674	 25
3	 675	 25
3	 676	 25
3	 677	 25
3	 678	 25
3	 700	 25
3	 701	 26
3	 702	 26
3	 703	 26
3	 704	 26
3	 706	 26
3	 707	 26
3	 708	 26
3	 709	 26
3	 710	 26
3	 720	 26
3	 721	 27
3	 722	 27
3	 723	 27
3	 724	 27
3	 725	 27
3	 726	 27
3	 728	 27
3	 729	 27
3	 730	 27
3	 759	 27
3	 760	 28
3	 761	 28
3	 762	 28
3	 764	 28
3	 765	 28
3	 766	 28
3	 767	 28
3	 768	 28
3	 769	 28
3	 770	 28
3	 784	 29
3	 785	 29
3	 786	 29
3	 787	 29
3	 788	 29
3	 789	 29
3	 791	 29
3	 792	 29
3	 793	 29
3	 794	 29
3	 811	 30
3	 812	 30
3	 814	 30
3	 815	 30
3	 816	 30
3	 817	 30
3	 819	 30
3	 820	 30
3	 821	 30
3	 822	 30
3	 823	 31
3	 824	 31
3	 825	 31
3	 827	 31
3	 840	 31
3	 841	 31
3	 842	 31
3	 843	 31
3	 845	 31
3	 846	 31
3	 847	 32
3	 848	 32
3	 849	 32
3	 851	 32
3	 872	 32
3	 873	 32
3	 874	 32
3	 875	 32
3	 877	 32
3	 878	 32
3	 879	 33
3	 880	 33
3	 881	 33
3	 883	 33
3	 896	 33
3	 897	 33
3	 898	 33
3	 899	 33
3	 900	 33
3	 901	 33
3	 902	 34
3	 904	 34
3	 905	 34
3	 906	 34
3	 923	 34
3	 924	 34
3	 926	 34
3	 927	 34
3	 928	 34
3	 929	 34
3	 930	 35
3	 943	 35
3	 945	 35
3	 946	 35
3	 947	 35
3	 948	 35
3	 949	 35
3	 950	 35
3	 952	 35
3	 953	 35
3	 954	 36
3	 955	 36
3	 957	 36
3	 958	 36
3	 959	 36
3	 969	 36
3	 970	 36
3	 972	 36
3	 973	 36
3	 974	 36
3	 975	 37
3	 976	 37
3	 977	 37
3	 979	 37
3	 996	 37
3	 997	 37
3	 998	 37
3	 999	 37
3	 1000	 37
3	 1002	 37
3	 1003	 38
3	 1012	 38
3	 1013	 38
3	 1015	 38
3	 1016	 38
3	 1017	 38
3	 1018	 38
3	 1019	 38
3	 1020	 38
3	 1021	 38
3	 1023	 39
3	 1036	 39
3	 1037	 39
3	 1038	 39
3	 1039	 39
3	 1040	 39
3	 1042	 39
3	 1043	 39
3	 1054	 39
3	 1056	 39
3	 1057	 40
3	 1058	 40
3	 1059	 40
3	 1060	 40
3	 1061	 40
3	 1062	 40
3	 1076	 40
3	 1077	 40
3	 1078	 40
3	 1079	 40
3	 1080	 41
3	 1087	 41
3	 1089	 41
3	 1090	 41
3	 1091	 41
3	 1092	 41
3	 1093	 41
3	 1094	 41
3	 1112	 41
3	 1113	 41
3	 1114	 42
3	 1115	 42
3	 1117	 42
3	 1127	 42
3	 1129	 42
3	 1130	 42
3	 1131	 42
3	 1132	 42
3	 1133	 42
3	 1134	 42
3	 1135	 43
3	 1137	 43
3	 1138	 43
3	 1139	 43
3	 1152	 43
3	 1153	 43
3	 1154	 43
3	 1155	 43
3	 1157	 43
3	 1158	 43
3	 1159	 44
3	 1160	 44
3	 1161	 44
3	 1162	 44
3	 1176	 44
3	 1177	 44
3	 1178	 44
3	 1179	 44
3	 1181	 44
3	 1182	 44
3	 1183	 45
3	 1184	 45
3	 1185	 45
3	 1187	 45
3	 1195	 45
3	 1196	 45
3	 1197	 45
3	 1199	 45
3	 1200	 45
3	 1201	 45
3	 1211	 46
3	 1213	 46
3	 1214	 46
3	 1215	 46
3	 1216	 46
3	 1217	 46
3	 1228	 46
3	 1229	 46
3	 1230	 46
3	 1231	 46
3	 1232	 47
3	 1233	 47
3	 1234	 47
3	 1236	 47
3	 1237	 47
3	 1238	 47
3	 1263	 47
3	 1264	 47
3	 1265	 47
3	 1267	 47
3	 1268	 48
3	 1269	 48
3	 1270	 48
3	 1271	 48
3	 1273	 48
3	 1274	 48
3	 1275	 48
3	 1288	 48
3	 1289	 48
3	 1290	 48
3	 1292	 49
3	 1293	 49
3	 1294	 49
3	 1295	 49
3	 1296	 49
3	 1297	 49
3	 1299	 49
3	 1308	 49
3	 1309	 49
3	 1310	 49
3	 1311	 50
3	 1313	 50
3	 1314	 50
3	 1315	 50
3	 1316	 50
3	 1317	 50
3	 1319	 50
3	 1332	 50
3	 1333	 50
3	 1334	 50
3	 1335	 51
3	 1337	 51
3	 1338	 51
3	 1339	 51
3	 1340	 51
3	 1342	 51
3	 1343	 51
3	 1356	 51
3	 1357	 51
3	 1358	 51
3	 1359	 52
3	 1361	 52
3	 1362	 52
3	 1363	 52
3	 1364	 52
3	 1366	 52
3	 1367	 52
3	 1368	 52
3	 1369	 52
3	 1370	 52
3	 1372	 53
3	 1373	 53
3	 1374	 53
3	 1375	 53
3	 1376	 53
3	 1378	 53
3	 1379	 53
3	 1380	 53
3	 1381	 53
3	 1382	 53
3	 1384	 54
3	 1385	 54
3	 1386	 54
3	 1388	 54
3	 1389	 54
3	 1390	 54
3	 1392	 54
3	 1393	 54
3	 1394	 54
3	 1396	 54
3	 1397	 55
3	 1398	 55
3	 1400	 55
3	 1401	 55
3	 1402	 55
3	 1404	 55
3	 1405	 55
3	 1406	 55
3	 1408	 55
3	 1409	 55
3	 1410	 56
3	 1411	 56
3	 1412	 56
3	 1414	 56
3	 1415	 56
3	 1416	 56
3	 1417	 56
3	 1419	 56
3	 1420	 56
3	 1421	 56
3	 1423	 57
3	 1424	 57
3	 1425	 57
3	 1426	 57
3	 1427	 57
3	 1429	 57
3	 1430	 57
3	 1431	 57
3	 1432	 57
3	 1433	 57
3	 1435	 58
3	 1451	 58
3	 1453	 58
3	 1454	 58
3	 1455	 58
3	 1456	 58
3	 1457	 58
3	 1458	 58
3	 1477	 58
3	 1478	 58
3	 1479	 59
3	 1480	 59
3	 1482	 59
3	 1483	 59
3	 1484	 59
3	 1485	 59
3	 1486	 59
3	 1495	 59
3	 1497	 59
3	 1498	 59
3	 1499	 60
3	 1500	 60
3	 1501	 60
3	 1502	 60
3	 1518	 60
3	 1519	 60
3	 1520	 60
3	 1521	 60
3	 1522	 60
3	 1524	 60
3	 1525	 61
3	 1526	 61
3	 1527	 61
3	 1544	 61
3	 1545	 61
3	 1547	 61
3	 1548	 61
3	 1549	 61
3	 1550	 61
3	 1551	 61
3	 1553	 62
3	 1554	 62
3	 1555	 62
3	 1556	 62
3	 1557	 62
3	 1558	 62
3	 1559	 62
3	 1560	 62
3	 1562	 62
3	 1563	 62
3	 1564	 63
3	 1565	 63
3	 1566	 63
3	 1567	 63
3	 1568	 63
3	 1570	 63
3	 1571	 63
3	 1572	 63
3	 1573	 63
3	 1574	 63
3	 1584	 64
3	 1586	 64
3	 1587	 64
3	 1588	 64
3	 1589	 64
3	 1590	 64
3	 1592	 64
3	 1593	 64
3	 1594	 64
3	 1595	 64
3	 1596	 65
3	 1597	 65
3	 1598	 65
3	 1621	 65
3	 1622	 65
3	 1623	 65
3	 1624	 65
3	 1625	 65
3	 1627	 65
3	 1628	 65
3	 1629	 66
3	 1630	 66
3	 1631	 66
3	 1632	 66
3	 1633	 66
3	 1635	 66
3	 1636	 66
3	 1637	 66
3	 1638	 66
3	 1639	 66
3	 1640	 67
3	 1642	 67
3	 1643	 67
3	 1664	 67
3	 1665	 67
3	 1666	 67
3	 1667	 67
3	 1669	 67
3	 1670	 67
3	 1671	 67
3	 1680	 68
3	 1681	 68
3	 1683	 68
3	 1684	 68
3	 1685	 68
3	 1686	 68
3	 1687	 68
3	 1688	 68
3	 1689	 68
3	 1691	 68
3	 1700	 69
3	 1701	 69
3	 1711	 69
3	 1712	 69
3	 1714	 69
3	 1715	 69
3	 1716	 69
3	 1717	 69
3	 1718	 69
3	 1719	 69
3	 1720	 70
3	 1722	 70
3	 1723	 70
3	 1736	 70
3	 1737	 70
3	 1738	 70
3	 1739	 70
3	 1741	 70
3	 1742	 70
3	 1743	 70
3	 1744	 71
3	 1746	 71
3	 1747	 71
3	 1748	 71
3	 1749	 71
3	 1750	 71
3	 1751	 71
3	 1753	 71
3	 1754	 71
3	 1755	 71
3	 1768	 72
3	 1769	 72
3	 1770	 72
3	 1772	 72
3	 1773	 72
3	 1774	 72
3	 1775	 72
3	 1776	 72
3	 1778	 72
3	 1779	 72
3	 1796	 73
3	 1797	 73
3	 1798	 73
3	 1799	 73
3	 1800	 73
3	 1802	 73
3	 1803	 73
3	 1804	 73
3	 1805	 73
3	 1806	 73
3	 1815	 74
3	 1816	 74
3	 1817	 74
3	 1818	 74
3	 1819	 74
3	 1821	 74
3	 1822	 74
3	 1823	 74
3	 1824	 74
3	 1825	 74
3	 1826	 75
3	 1832	 75
3	 1833	 75
3	 1834	 75
3	 1835	 75
3	 1836	 75
3	 1837	 75
3	 1839	 75
3	 1850	 75
3	 1851	 75
3	 1853	 76
3	 1854	 76
3	 1855	 76
3	 1856	 76
3	 1857	 76
3	 1858	 76
3	 1859	 76
3	 1861	 76
3	 1862	 76
3	 1863	 76
3	 1876	 77
3	 1877	 77
3	 1879	 77
3	 1880	 77
3	 1881	 77
3	 1882	 77
3	 1883	 77
3	 1885	 77
3	 1886	 77
3	 1887	 77
3	 1904	 78
3	 1905	 78
3	 1907	 78
3	 1908	 78
3	 1909	 78
3	 1910	 78
3	 1911	 78
3	 1913	 78
3	 1914	 78
3	 1927	 78
3	 1928	 79
3	 1929	 79
3	 1931	 79
3	 1932	 79
3	 1933	 79
3	 1934	 79
3	 1935	 79
3	 1936	 79
3	 1937	 79
3	 1939	 79
3	 1952	 80
3	 1953	 80
3	 1954	 80
3	 1955	 80
3	 1956	 80
3	 1958	 80
3	 1959	 80
3	 1960	 80
3	 1961	 80
3	 1962	 80
3	 1963	 81
3	 1965	 81
3	 1966	 81
3	 1967	 81
3	 1968	 81
3	 1969	 81
3	 1970	 81
3	 1971	 81
3	 1973	 81
3	 1974	 81
3	 1975	 82
3	 1996	 82
3	 1997	 82
3	 1999	 82
3	 2000	 82
3	 2001	 82
3	 2002	 82
3	 2003	 82
3	 2004	 82
3	 2005	 82
3	 2007	 83
3	 2008	 83
3	 2009	 83
3	 2010	 83
3	 2011	 83
3	 2013	 83
3	 2014	 83
3	 2020	 83
3	 2021	 83
3	 2022	 83
3	 2023	 84
3	 2024	 84
3	 2025	 84
3	 2027	 84
3	 2028	 84
3	 2029	 84
3	 2030	 84
3	 2051	 84
3	 2052	 84
3	 2054	 84
3	 2055	 85
3	 2056	 85
3	 2057	 85
3	 2058	 85
3	 2059	 85
3	 2060	 85
3	 2062	 85
3	 2063	 85
3	 2076	 85
3	 2077	 85
3	 2078	 86
3	 2080	 86
3	 2081	 86
3	 2082	 86
3	 2083	 86
3	 2085	 86
3	 2086	 86
3	 2087	 86
3	 2100	 86
3	 2101	 86
3	 2102	 87
3	 2104	 87
3	 2105	 87
3	 2106	 87
3	 2123	 87
3	 2124	 87
3	 2126	 87
3	 2127	 87
3	 2128	 87
3	 2129	 87
3	 2130	 88
3	 2131	 88
3	 2144	 88
3	 2145	 88
3	 2146	 88
3	 2148	 88
3	 2149	 88
3	 2150	 88
3	 2151	 88
3	 2152	 88
3	 2153	 89
3	 2155	 89
3	 2168	 89
3	 2169	 89
3	 2170	 89
3	 2171	 89
3	 2172	 89
3	 2174	 89
3	 2175	 89
3	 2190	 89
3	 2191	 90
3	 2192	 90
3	 2193	 90
3	 2194	 90
3	 2208	 90
3	 2209	 90
3	 2210	 90
3	 2211	 90
3	 2213	 90
3	 2214	 90
3	 2215	 91
3	 2216	 91
3	 2217	 91
3	 2219	 91
3	 2232	 91
3	 2233	 91
3	 2234	 91
3	 2235	 91
3	 2236	 91
3	 2237	 91
3	 2239	 92
3	 2240	 92
3	 2241	 92
3	 2242	 92
3	 2245	 92
3	 2247	 92
3	 2248	 92
3	 2249	 92
3	 2250	 92
3	 2251	 92
3	 2253	 93
3	 2254	 93
3	 2255	 93
3	 2268	 93
3	 2269	 93
3	 2270	 93
3	 2272	 93
3	 2273	 93
3	 2274	 93
3	 2275	 93
3	 2277	 94
3	 2278	 94
3	 2279	 94
3	 2290	 94
3	 2291	 94
3	 2293	 94
3	 2294	 94
3	 2295	 94
3	 2296	 94
3	 2297	 94
3	 2298	 95
3	 2300	 95
3	 2301	 95
3	 2302	 95
3	 2303	 95
3	 2305	 95
3	 2306	 95
3	 2307	 95
3	 2308	 95
3	 2309	 95
3	 2311	 96
3	 2312	 96
3	 2313	 96
3	 2314	 96
3	 2315	 96
3	 2317	 96
3	 2318	 96
3	 2319	 96
3	 2320	 96
3	 2321	 96
3	 2322	 97
3	 2324	 97
3	 2325	 97
3	 2326	 97
3	 2327	 97
3	 2328	 97
3	 2329	 97
3	 2331	 97
3	 2332	 97
3	 2333	 97
3	 2334	 98
3	 2335	 98
3	 2337	 98
3	 2338	 98
3	 2339	 98
3	 2340	 98
3	 2341	 98
3	 2343	 98
3	 2344	 98
3	 2345	 98
3	 2346	 99
3	 2347	 99
3	 2349	 99
3	 2350	 99
3	 2351	 99
3	 2352	 99
3	 2353	 99
3	 2355	 99
3	 2356	 99
3	 2357	 99
3	 2358	 100
2	 12	 0
2	 14	 0
2	 15	 0
2	 16	 0
2	 17	 0
2	 18	 0
2	 20	 0
2	 21	 0
2	 22	 0
2	 23	 1
2	 24	 1
2	 25	 1
2	 26	 1
2	 40	 1
2	 41	 1
2	 42	 1
2	 43	 1
2	 44	 1
2	 46	 1
2	 47	 2
2	 48	 2
2	 50	 2
2	 51	 2
2	 52	 2
2	 53	 2
2	 54	 2
2	 55	 2
2	 56	 2
2	 58	 2
2	 59	 3
2	 60	 3
2	 61	 3
2	 62	 3
2	 63	 3
2	 64	 3
2	 66	 3
2	 67	 3
2	 68	 3
2	 69	 3
2	 70	 4
2	 71	 4
2	 73	 4
2	 74	 4
2	 75	 4
2	 76	 4
2	 78	 4
2	 79	 4
2	 80	 4
2	 81	 4
2	 82	 5
2	 84	 5
2	 85	 5
2	 86	 5
2	 87	 5
2	 88	 5
2	 90	 5
2	 91	 5
2	 92	 5
2	 93	 5
2	 94	 6
2	 107	 6
2	 108	 6
2	 110	 6
2	 111	 6
2	 112	 6
2	 114	 6
2	 115	 6
2	 116	 6
2	 117	 6
2	 118	 7
2	 119	 7
2	 121	 7
2	 122	 7
2	 123	 7
2	 124	 7
2	 125	 7
2	 126	 7
2	 139	 7
2	 141	 7
2	 142	 8
2	 143	 8
2	 144	 8
2	 146	 8
2	 147	 8
2	 148	 8
2	 149	 8
2	 151	 8
2	 164	 8
2	 165	 8
2	 166	 9
2	 167	 9
2	 168	 9
2	 169	 9
2	 171	 9
2	 172	 9
2	 173	 9
2	 174	 9
2	 183	 9
2	 185	 9
2	 186	 10
2	 187	 10
2	 188	 10
2	 189	 10
2	 190	 10
2	 191	 10
2	 193	 10
2	 194	 10
2	 195	 10
2	 208	 10
2	 209	 11
2	 210	 11
2	 212	 11
2	 213	 11
2	 214	 11
2	 215	 11
2	 217	 11
2	 218	 11
2	 219	 11
2	 232	 11
2	 233	 12
2	 234	 12
2	 235	 12
2	 237	 12
2	 238	 12
2	 239	 12
2	 240	 12
2	 241	 12
2	 243	 12
2	 254	 12
2	 256	 13
2	 257	 13
2	 258	 13
2	 259	 13
2	 260	 13
2	 261	 13
2	 263	 13
2	 280	 13
2	 281	 13
2	 282	 13
2	 283	 14
2	 284	 14
2	 286	 14
2	 287	 14
2	 288	 14
2	 289	 14
2	 290	 14
2	 291	 14
2	 293	 14
2	 294	 14
2	 295	 15
2	 308	 15
2	 309	 15
2	 311	 15
2	 312	 15
2	 319	 15
2	 320	 15
2	 321	 15
2	 323	 15
2	 324	 15
2	 325	 16
2	 326	 16
2	 327	 16
2	 328	 16
2	 330	 16
2	 331	 16
2	 344	 16
2	 345	 16
2	 346	 16
2	 347	 16
2	 349	 17
2	 352	 17
2	 353	 17
2	 354	 17
2	 355	 17
2	 357	 17
2	 358	 17
2	 359	 17
2	 384	 17
2	 385	 17
2	 386	 18
2	 388	 18
2	 389	 18
2	 390	 18
2	 391	 18
2	 392	 18
2	 393	 18
2	 395	 18
2	 405	 18
2	 406	 18
2	 407	 19
2	 409	 19
2	 410	 19
2	 411	 19
2	 412	 19
2	 413	 19
2	 414	 19
2	 428	 19
2	 429	 19
2	 430	 19
2	 431	 20
2	 439	 20
2	 440	 20
2	 441	 20
2	 442	 20
2	 443	 20
2	 446	 20
2	 447	 20
2	 448	 20
2	 449	 20
2	 450	 21
2	 452	 21
2	 453	 21
2	 454	 21
2	 471	 21
2	 472	 21
2	 473	 21
2	 475	 21
2	 476	 21
2	 477	 21
2	 478	 22
2	 479	 22
2	 481	 22
2	 482	 22
2	 495	 22
2	 496	 22
2	 497	 22
2	 499	 22
2	 500	 22
2	 501	 22
2	 502	 23
2	 511	 23
2	 512	 23
2	 514	 23
2	 515	 23
2	 516	 23
2	 527	 23
2	 529	 23
2	 530	 23
2	 531	 23
2	 532	 24
2	 533	 24
2	 534	 24
2	 551	 24
2	 553	 24
2	 554	 24
2	 555	 24
2	 556	 24
2	 557	 24
2	 558	 24
2	 573	 25
2	 575	 25
2	 576	 25
2	 577	 25
2	 578	 25
2	 580	 25
2	 581	 25
2	 582	 25
2	 607	 25
2	 609	 25
2	 610	 26
2	 611	 26
2	 612	 26
2	 614	 26
2	 615	 26
2	 628	 26
2	 630	 26
2	 631	 26
2	 632	 26
2	 633	 26
2	 635	 27
2	 636	 27
2	 637	 27
2	 638	 27
2	 651	 27
2	 652	 27
2	 654	 27
2	 655	 27
2	 656	 27
2	 657	 27
2	 658	 28
2	 660	 28
2	 661	 28
2	 662	 28
2	 663	 28
2	 680	 28
2	 682	 28
2	 683	 28
2	 684	 28
2	 685	 28
2	 696	 29
2	 697	 29
2	 698	 29
2	 699	 29
2	 700	 29
2	 701	 29
2	 702	 29
2	 704	 29
2	 705	 29
2	 706	 29
2	 718	 30
2	 719	 30
2	 720	 30
2	 721	 30
2	 723	 30
2	 724	 30
2	 725	 30
2	 726	 30
2	 739	 30
2	 740	 30
2	 742	 31
2	 743	 31
2	 744	 31
2	 745	 31
2	 747	 31
2	 748	 31
2	 749	 31
2	 750	 31
2	 767	 31
2	 768	 31
2	 770	 32
2	 771	 32
2	 772	 32
2	 773	 32
2	 774	 32
2	 776	 32
2	 777	 32
2	 778	 32
2	 795	 32
2	 796	 32
2	 797	 33
2	 799	 33
2	 800	 33
2	 801	 33
2	 802	 33
2	 803	 33
2	 805	 33
2	 806	 33
2	 807	 33
2	 808	 33
2	 809	 34
2	 810	 34
2	 828	 34
2	 829	 34
2	 830	 34
2	 831	 34
2	 832	 34
2	 833	 34
2	 835	 34
2	 836	 34
2	 837	 35
2	 838	 35
2	 851	 35
2	 852	 35
2	 854	 35
2	 855	 35
2	 864	 35
2	 865	 35
2	 866	 35
2	 867	 35
2	 868	 36
2	 870	 36
2	 871	 36
2	 884	 36
2	 885	 36
2	 886	 36
2	 887	 36
2	 889	 36
2	 890	 36
2	 891	 36
2	 892	 37
2	 893	 37
2	 894	 37
2	 908	 37
2	 909	 37
2	 910	 37
2	 911	 37
2	 912	 37
2	 914	 37
2	 915	 37
2	 916	 38
2	 917	 38
2	 919	 38
2	 920	 38
2	 921	 38
2	 922	 38
2	 939	 38
2	 940	 38
2	 942	 38
2	 943	 38
2	 944	 39
2	 945	 39
2	 946	 39
2	 956	 39
2	 957	 39
2	 958	 39
2	 959	 39
2	 960	 39
2	 961	 39
2	 963	 39
2	 964	 40
2	 965	 40
2	 966	 40
2	 979	 40
2	 980	 40
2	 981	 40
2	 983	 40
2	 984	 40
2	 985	 40
2	 986	 40
2	 987	 41
2	 988	 41
2	 990	 41
2	 991	 41
2	 1004	 41
2	 1005	 41
2	 1007	 41
2	 1008	 41
2	 1009	 41
2	 1010	 41
2	 1023	 42
2	 1024	 42
2	 1026	 42
2	 1027	 42
2	 1028	 42
2	 1029	 42
2	 1030	 42
2	 1032	 42
2	 1033	 42
2	 1034	 42
2	 1035	 43
2	 1052	 43
2	 1053	 43
2	 1054	 43
2	 1056	 43
2	 1057	 43
2	 1058	 43
2	 1059	 43
2	 1060	 43
2	 1061	 43
2	 1062	 44
2	 1076	 44
2	 1077	 44
2	 1078	 44
2	 1079	 44
2	 1080	 44
2	 1096	 44
2	 1097	 44
2	 1098	 44
2	 1099	 44
2	 1100	 45
2	 1102	 45
2	 1103	 45
2	 1120	 45
2	 1121	 45
2	 1122	 45
2	 1123	 45
2	 1124	 45
2	 1126	 45
2	 1127	 45
2	 1128	 46
2	 1129	 46
2	 1130	 46
2	 1140	 46
2	 1141	 46
2	 1142	 46
2	 1143	 46
2	 1145	 46
2	 1146	 46
2	 1147	 46
2	 1149	 47
2	 1150	 47
2	 1151	 47
2	 1164	 47
2	 1165	 47
2	 1166	 47
2	 1168	 47
2	 1169	 47
2	 1170	 47
2	 1171	 47
2	 1172	 48
2	 1174	 48
2	 1175	 48
2	 1188	 48
2	 1189	 48
2	 1190	 48
2	 1192	 48
2	 1193	 48
2	 1194	 48
2	 1208	 48
2	 1209	 49
2	 1211	 49
2	 1212	 49
2	 1213	 49
2	 1214	 49
2	 1216	 49
2	 1217	 49
2	 1218	 49
2	 1231	 49
2	 1232	 49
2	 1234	 50
2	 1235	 50
2	 1236	 50
2	 1237	 50
2	 1238	 50
2	 1239	 50
2	 1241	 50
2	 1242	 50
2	 1243	 50
2	 1244	 50
2	 1245	 51
2	 1247	 51
2	 1248	 51
2	 1249	 51
2	 1250	 51
2	 1252	 51
2	 1253	 51
2	 1254	 51
2	 1255	 51
2	 1256	 51
2	 1258	 52
2	 1259	 52
2	 1260	 52
2	 1261	 52
2	 1262	 52
2	 1275	 52
2	 1277	 52
2	 1278	 52
2	 1279	 52
2	 1281	 52
2	 1282	 53
2	 1283	 53
2	 1284	 53
2	 1285	 53
2	 1286	 53
2	 1300	 53
2	 1301	 53
2	 1302	 53
2	 1303	 53
2	 1304	 53
2	 1306	 54
2	 1307	 54
2	 1320	 54
2	 1322	 54
2	 1323	 54
2	 1324	 54
2	 1325	 54
2	 1326	 54
2	 1328	 54
2	 1329	 54
2	 1330	 55
2	 1343	 55
2	 1344	 55
2	 1346	 55
2	 1347	 55
2	 1348	 55
2	 1349	 55
2	 1350	 55
2	 1352	 55
2	 1353	 55
2	 1354	 56
2	 1355	 56
2	 1360	 56
2	 1361	 56
2	 1363	 56
2	 1379	 56
2	 1381	 56
2	 1382	 56
2	 1383	 56
2	 1391	 56
2	 1393	 57
2	 1394	 57
2	 1395	 57
2	 1396	 57
2	 1397	 57
2	 1399	 57
2	 1416	 57
2	 1417	 57
2	 1418	 57
2	 1420	 57
2	 1436	 58
2	 1437	 58
2	 1438	 58
2	 1439	 58
2	 1441	 58
2	 1442	 58
2	 1443	 58
2	 1444	 58
2	 1445	 58
2	 1447	 58
2	 1448	 59
2	 1449	 59
2	 1450	 59
2	 1451	 59
2	 1452	 59
2	 1454	 59
2	 1455	 59
2	 1456	 59
2	 1457	 59
2	 1458	 59
2	 1459	 60
2	 1461	 60
2	 1462	 60
2	 1463	 60
2	 1464	 60
2	 1465	 60
2	 1466	 60
2	 1477	 60
2	 1478	 60
2	 1480	 60
2	 1481	 61
2	 1482	 61
2	 1483	 61
2	 1484	 61
2	 1504	 61
2	 1505	 61
2	 1506	 61
2	 1508	 61
2	 1509	 61
2	 1510	 61
2	 1523	 62
2	 1524	 62
2	 1526	 62
2	 1527	 62
2	 1528	 62
2	 1529	 62
2	 1530	 62
2	 1531	 62
2	 1532	 62
2	 1544	 62
2	 1545	 63
2	 1546	 63
2	 1547	 63
2	 1549	 63
2	 1550	 63
2	 1551	 63
2	 1552	 63
2	 1553	 63
2	 1554	 63
2	 1563	 63
2	 1565	 64
2	 1566	 64
2	 1567	 64
2	 1568	 64
2	 1569	 64
2	 1570	 64
2	 1572	 64
2	 1573	 64
2	 1574	 64
2	 1589	 64
2	 1591	 65
2	 1592	 65
2	 1593	 65
2	 1594	 65
2	 1595	 65
2	 1596	 65
2	 1598	 65
2	 1599	 65
2	 1608	 65
2	 1609	 65
2	 1610	 66
2	 1611	 66
2	 1612	 66
2	 1614	 66
2	 1627	 66
2	 1628	 66
2	 1629	 66
2	 1631	 66
2	 1632	 66
2	 1633	 66
2	 1634	 67
2	 1646	 67
2	 1648	 67
2	 1649	 67
2	 1650	 67
2	 1651	 67
2	 1652	 67
2	 1653	 67
2	 1654	 67
2	 1672	 67
2	 1673	 68
2	 1674	 68
2	 1675	 68
2	 1676	 68
2	 1678	 68
2	 1679	 68
2	 1692	 68
2	 1693	 68
2	 1694	 68
2	 1695	 68
2	 1697	 69
2	 1698	 69
2	 1699	 69
2	 1716	 69
2	 1717	 69
2	 1728	 69
2	 1729	 69
2	 1730	 69
2	 1732	 69
2	 1733	 69
2	 1734	 70
2	 1735	 70
2	 1736	 70
2	 1737	 70
2	 1738	 70
2	 1756	 70
2	 1757	 70
2	 1771	 70
2	 1772	 70
2	 1774	 70
2	 1775	 71
2	 1776	 71
2	 1777	 71
2	 1778	 71
2	 1780	 71
2	 1781	 71
2	 1782	 71
2	 1795	 71
2	 1796	 71
2	 1797	 71
2	 1799	 72
2	 1800	 72
2	 1801	 72
2	 1802	 72
2	 1803	 72
2	 1804	 72
2	 1805	 72
2	 1807	 72
2	 1815	 72
2	 1816	 72
2	 1817	 73
2	 1818	 73
2	 1819	 73
2	 1821	 73
2	 1822	 73
2	 1823	 73
2	 1844	 73
2	 1845	 73
2	 1847	 73
2	 1848	 73
2	 1849	 74
2	 1859	 74
2	 1860	 74
2	 1862	 74
2	 1863	 74
2	 1864	 74
2	 1865	 74
2	 1866	 74
2	 1867	 74
2	 1868	 74
2	 1870	 75
2	 1871	 75
2	 1884	 75
2	 1885	 75
2	 1886	 75
2	 1887	 75
2	 1888	 75
2	 1890	 75
2	 1891	 75
2	 1892	 75
2	 1893	 76
2	 1894	 76
2	 1915	 76
2	 1917	 76
2	 1928	 76
2	 1929	 76
2	 1930	 76
2	 1931	 76
2	 1932	 76
2	 1933	 76
2	 1935	 77
2	 1948	 77
2	 1949	 77
2	 1950	 77
2	 1951	 77
2	 1952	 77
2	 1954	 77
2	 1955	 77
2	 1956	 77
2	 1957	 77
2	 1958	 78
2	 1959	 78
2	 1960	 78
2	 1962	 78
2	 1963	 78
2	 1976	 78
2	 1978	 78
2	 1979	 78
2	 1980	 78
2	 1981	 78
2	 1982	 79
2	 1983	 79
2	 1985	 79
2	 1986	 79
2	 1987	 79
2	 1988	 79
2	 1989	 79
2	 1990	 79
2	 1992	 79
2	 1993	 79
2	 1994	 80
2	 1995	 80
2	 2012	 80
2	 2013	 80
2	 2015	 80
2	 2016	 80
2	 2017	 80
2	 2018	 80
2	 2019	 80
2	 2032	 80
2	 2033	 81
2	 2034	 81
2	 2036	 81
2	 2037	 81
2	 2038	 81
2	 2039	 81
2	 2040	 81
2	 2041	 81
2	 2043	 81
2	 2060	 81
2	 2061	 82
2	 2062	 82
2	 2063	 82
2	 2064	 82
2	 2066	 82
2	 2067	 82
2	 2068	 82
2	 2069	 82
2	 2070	 82
2	 2087	 82
2	 2089	 83
2	 2090	 83
2	 2091	 83
2	 2092	 83
2	 2093	 83
2	 2095	 83
2	 2096	 83
2	 2097	 83
2	 2098	 83
2	 2101	 83
2	 2102	 84
2	 2104	 84
2	 2105	 84
2	 2106	 84
2	 2107	 84
2	 2108	 84
2	 2110	 84
2	 2111	 84
2	 2112	 84
2	 2113	 84
2	 2115	 85
2	 2116	 85
2	 2117	 85
2	 2118	 85
2	 2119	 85
2	 2121	 85
2	 2122	 85
2	 2123	 85
2	 2124	 85
2	 2125	 85
2	 2127	 86
2	 2128	 86
2	 2129	 86
2	 2130	 86
2	 2143	 86
2	 2144	 86
2	 2145	 86
2	 2147	 86
2	 2148	 86
2	 2149	 86
2	 2151	 87
2	 2152	 87
2	 2153	 87
2	 2154	 87
2	 2155	 87
2	 2157	 87
2	 2158	 87
2	 2159	 87
2	 2160	 87
2	 2161	 87
2	 2163	 88
2	 2180	 88
2	 2181	 88
2	 2182	 88
2	 2184	 88
2	 2185	 88
2	 2186	 88
2	 2187	 88
2	 2188	 88
2	 2190	 88
2	 2191	 89
2	 2192	 89
2	 2193	 89
2	 2194	 89
2	 2196	 89
2	 2197	 89
2	 2198	 89
2	 2199	 89
2	 2200	 89
2	 2202	 89
2	 2203	 90
2	 2216	 90
2	 2217	 90
2	 2218	 90
2	 2219	 90
2	 2221	 90
2	 2222	 90
2	 2223	 90
2	 2224	 90
2	 2225	 90
2	 2226	 91
2	 2240	 91
2	 2241	 91
2	 2242	 91
2	 2243	 91
2	 2244	 91
2	 2246	 91
2	 2247	 91
2	 2248	 91
2	 2249	 91
2	 2251	 92
2	 2252	 92
2	 2263	 92
2	 2265	 92
2	 2266	 92
2	 2267	 92
2	 2268	 92
2	 2270	 92
2	 2271	 92
2	 2272	 92
2	 2273	 93
2	 2274	 93
2	 2287	 93
2	 2288	 93
2	 2290	 93
2	 2291	 93
2	 2292	 93
2	 2293	 93
2	 2294	 93
2	 2296	 93
2	 2297	 94
2	 2298	 94
2	 2299	 94
2	 2300	 94
2	 2311	 94
2	 2313	 94
2	 2314	 94
2	 2315	 94
2	 2317	 94
2	 2318	 94
2	 2319	 95
2	 2320	 95
2	 2321	 95
2	 2323	 95
2	 2324	 95
2	 2325	 95
2	 2326	 95
2	 2327	 95
2	 2329	 95
2	 2330	 95
2	 2331	 96
2	 2332	 96
2	 2333	 96
2	 2334	 96
2	 2336	 96
2	 2337	 96
2	 2338	 96
2	 2339	 96
2	 2340	 96
2	 2342	 96
2	 2343	 97
2	 2344	 97
2	 2345	 97
2	 2347	 97
2	 2348	 97
2	 2349	 97
2	 2350	 97
2	 2352	 97
2	 2353	 97
2	 2354	 97
2	 2355	 98
2	 2356	 98
2	 2357	 98
2	 2359	 98
2	 2360	 98
2	 2361	 98
2	 2362	 98
2	 2363	 98
2	 2364	 98
2	 2366	 98
2	 2367	 99
2	 2368	 99
2	 2369	 99
2	 2370	 99
2	 2371	 99
2	 2372	 99
2	 2374	 99
2	 2375	 99
2	 2376	 99
2	 2377	 99
2	 2378	 100
